0 0.5484375 0.4796875 0.5171875 0.4796875 0.5171875 0.525 0.5484375 0.525
0 0.4515625 0.4734375 0.4203125 0.4734375 0.4203125 0.509375 0.4515625 0.509375
0 0.74375 0.5093750000000001 0.70625 0.509375 0.70625 0.55 0.74375 0.5500000000000002
0 0.884375 0.46875000000000017 0.8578125 0.46875000000000017 0.8578125 0.5046875000000002 0.884375 0.5046875000000002
0 0.7984375 0.3625000000000001 0.771875 0.3625000000000001 0.771875 0.4031250000000002 0.7984375 0.4031250000000002
0 0.8640625 0.2578125000000001 0.828125 0.2578125000000001 0.828125 0.30156250000000007 0.8640625 0.30156250000000007
0 0.68125 0.3109375000000001 0.6390625 0.3109375000000001 0.6390625 0.3546875000000001 0.68125 0.3546875000000001
0 0.8375 0.1703125000000001 0.815625 0.1703125000000001 0.815625 0.2015625000000001 0.8375 0.2015625000000001
0 0.9609375 0.13593750000000013 0.9296875 0.13593750000000013 0.9296875 0.18125000000000013 0.9609375 0.18125000000000013
0 0.746875 0.05468750000000009 0.7296875 0.05468750000000009 0.7296875 0.07656250000000009 0.746875 0.07656250000000009
0 0.58125 0.029687500000000068 0.5625 0.029687500000000068 0.5625 0.05156250000000007 0.58125 0.05156250000000007
0 0.9734375 1.1844630760503306e-16 0.9609375 1.1768090335556595e-16 0.9609375 0.007812500000000118 0.9734375 0.00781250000000012
0 0.375 0.22812500000000005 0.353125 0.228125 0.353125 0.259375 0.375 0.2593750000000001
0 1 0.5796875000000001 0.51875 0.5796875 0.51875 1 1 1