0 0.521875 0.5140625 0.4875 0.5140625 0.4875 0.565625 0.521875 0.565625
0 0.4140625 0.5078125 0.37968750000000007 0.5078125 0.37968750000000007 0.5484375 0.4140625 0.5484375
0 0.7375 0.5484375000000001 0.6953125 0.5484375 0.6953125 0.5937500000000001 0.7375 0.5937500000000002
0 0.89375 0.5015625000000001 0.8640625 0.5015625000000001 0.8640625 0.5406250000000001 0.89375 0.5406250000000001
0 0.7984375 0.3843750000000001 0.76875 0.3843750000000001 0.76875 0.42968750000000017 0.7984375 0.42968750000000017
0 0.8703125 0.27031250000000007 0.83125 0.27031250000000007 0.83125 0.31718750000000007 0.8703125 0.31718750000000007
0 0.66875 0.3281250000000001 0.621875 0.3281250000000001 0.621875 0.3765625000000001 0.66875 0.3765625000000001
0 0.8421875 0.17343750000000008 0.8171875 0.17343750000000008 0.8171875 0.2078125000000001 0.8421875 0.2078125000000001
0 0.978125 0.13281250000000014 0.94375 0.13281250000000014 0.94375 0.18437500000000012 0.978125 0.18437500000000012
0 0.740625 0.04375000000000009 0.721875 0.04375000000000009 0.721875 0.0671875000000001 0.740625 0.0671875000000001
0 0.5578125 0.015625000000000066 0.5375 0.015625000000000066 0.5375 0.040625000000000064 0.5578125 0.040625000000000064
0 0.3296875 0.2359375 0.30625 0.2359375 0.30625 0.2703125 0.3296875 0.2703125
0 1 0.6250000000000001 0.4890625 0.625 0.48906250000000007 1 1 1