0 0.5609375 0.46875 0.528125 0.46875 0.528125 0.515625 0.5609375 0.515625
0 0.459375 0.4625 0.4265625 0.4625 0.4265625 0.5 0.459375 0.5
0 0.765625 0.5000000000000001 0.725 0.5 0.725 0.5421875 0.765625 0.5421875000000002
0 0.9125 0.45625000000000016 0.884375 0.45625000000000016 0.884375 0.4937500000000002 0.9125 0.4937500000000002
0 0.821875 0.3453125000000001 0.79375 0.3453125000000001 0.79375 0.3890625000000001 0.821875 0.3890625000000001
0 0.890625 0.2375000000000001 0.853125 0.2375000000000001 0.853125 0.2828125000000001 0.890625 0.2828125000000001
0 0.7 0.29375000000000007 0.6546875 0.29375000000000007 0.6546875 0.3390625000000001 0.7 0.3390625000000001
0 0.8625 0.1453125000000001 0.840625 0.1453125000000001 0.840625 0.1781250000000001 0.8625 0.1781250000000001
0 0.9921875 0.10781250000000013 0.959375 0.10781250000000013 0.959375 0.15625000000000014 0.9921875 0.15625000000000014
0 0.7671875 0.023437500000000094 0.75 0.023437500000000094 0.75 0.04687500000000009 0.7671875 0.04687500000000009
0 0.5953125 7.166097285635683e-17 0.575 7.041719095097281e-17 0.575 0.020312500000000074 0.5953125 0.020312500000000074
0 0.3796875 0.20468750000000005 0.35625 0.2046875 0.35625 0.23750000000000004 0.3796875 0.2375000000000001
0 0.9984375 0.5718750000000001 0.5296875 0.571875 0.5296875000000001 1 0.9984375 1